1	9	1
1	10	1
1	44	1
1	35	3
1	2	4
1	36	4
1	2	7
1	36	7
1	9	8
1	10	8
1	27	8
1	44	8
1	27	9
1	2	10
1	36	10
1	2	12
1	36	12
1	2	13
1	29	13
1	36	13
1	44	14
1	31	15
1	44	15
1	28	17
1	2	19
1	36	19
1	2	29
1	31	29
1	44	29
1	29	30
1	31	30
1	44	30
1	5	35
1	10	38
1	44	38
1	44	40
1	29	41
1	31	41
1	44	41
1	27	47
1	44	48
1	29	51
1	31	51
1	44	51
1	35	52
1	2	54
1	36	54
1	2	58
1	29	58
1	36	58
1	2	60
1	31	60
1	44	60
1	35	63
1	44	66
1	2	69
1	36	69
1	44	70
1	44	74
1	9	75
1	44	75
1	2	78
1	36	78
1	44	79
1	2	84
1	36	84
1	2	87
1	31	87
1	44	87
1	29	88
1	31	88
1	44	88
1	2	90
1	31	90
1	44	90
1	44	92
1	29	93
1	31	93
1	44	93
1	28	97
1	2	99
1	31	99
1	44	99
1	2	101
1	36	101
1	5	102
1	2	103
1	31	103
1	44	103
1	29	106
1	31	106
1	44	106
1	35	107
1	44	109
1	27	110
1	2	111
1	31	111
1	44	111
1	2	112
1	36	112
1	35	113
1	35	115
1	2	120
1	36	120
1	2	123
1	29	123
1	36	123
1	44	126
1	44	131
1	2	133
1	36	133
1	2	134
1	29	134
1	36	134
2	28	17
2	27	50
2	28	97
3	37	2
3	25	3
3	22	14
3	37	14
3	28	17
3	42	34
3	49	34
3	42	36
3	49	36
3	27	37
3	37	39
3	37	40
3	42	42
3	49	42
3	37	43
3	27	47
3	37	62
3	25	63
3	27	63
3	37	66
3	22	74
3	37	74
3	42	77
3	49	77
3	37	79
3	37	83
3	42	85
3	49	85
3	42	86
3	49	86
3	37	89
3	28	97
3	37	98
3	25	107
3	42	119
3	49	119
3	37	121
3	42	122
3	49	122
3	22	126
3	37	126
3	37	131
4	25	4
4	25	7
4	25	10
4	25	12
4	25	13
4	29	16
4	28	17
4	25	19
4	27	47
4	29	49
4	25	54
4	25	58
4	29	68
4	25	69
4	29	72
4	25	78
4	25	84
4	29	94
4	28	97
4	25	101
4	27	101
4	27	110
4	27	112
4	29	118
4	25	120
4	25	123
4	25	133
4	25	134
4	29	135
5	8	1
5	14	5
5	25	5
5	8	8
5	25	11
5	2	15
5	25	16
5	28	17
5	25	18
5	25	25
5	2	29
5	2	30
5	8	30
5	25	31
5	27	31
5	25	32
5	27	33
5	24	36
5	8	38
5	2	41
5	8	41
5	25	44
5	25	45
5	27	47
5	25	49
5	2	51
5	8	51
5	2	60
5	25	65
5	25	68
5	25	72
5	25	73
5	8	75
5	25	76
5	25	82
5	2	87
5	2	88
5	8	88
5	2	90
5	2	92
5	2	93
5	8	93
5	25	94
5	28	97
5	2	99
5	27	100
5	2	103
5	2	106
5	8	106
5	25	108
5	27	110
5	2	111
5	25	118
5	25	128
5	27	129
5	25	135
6	43	5
6	28	17
6	27	37
6	27	47
6	43	59
6	27	71
6	44	87
6	27	91
6	28	97
6	27	127
7	25	7
7	27	10
7	25	12
7	22	14
7	28	17
7	25	19
7	27	47
7	25	54
7	25	69
7	22	74
7	25	84
7	28	97
7	25	101
7	27	101
7	27	110
7	25	120
7	22	126
7	27	133
8	10	1
8	44	1
8	35	3
8	2	4
8	36	4
8	2	7
8	36	7
8	9	8
8	10	8
8	44	8
8	27	9
8	2	10
8	36	10
8	2	12
8	36	12
8	2	13
8	29	13
8	36	13
8	31	15
8	44	15
8	28	17
8	2	19
8	36	19
8	2	29
8	31	29
8	44	29
8	29	30
8	31	30
8	44	30
8	5	35
8	10	38
8	44	38
8	44	40
8	29	41
8	31	41
8	44	41
8	27	47
8	44	48
8	29	51
8	31	51
8	44	51
8	35	52
8	2	54
8	36	54
8	2	58
8	29	58
8	36	58
8	2	60
8	31	60
8	44	60
8	35	63
8	44	66
8	2	69
8	36	69
8	44	70
8	44	75
8	2	78
8	36	78
8	44	79
8	2	84
8	36	84
8	2	87
8	31	87
8	44	87
8	29	88
8	31	88
8	44	88
8	2	90
8	31	90
8	44	90
8	44	92
8	29	93
8	31	93
8	44	93
8	28	97
8	2	99
8	31	99
8	44	99
8	2	101
8	36	101
8	5	102
8	2	103
8	31	103
8	44	103
8	29	106
8	31	106
8	44	106
8	35	107
8	44	109
8	27	110
8	2	111
8	31	111
8	44	111
8	2	112
8	36	112
8	35	113
8	35	115
8	2	120
8	36	120
8	2	123
8	29	123
8	36	123
8	44	131
8	2	133
8	36	133
8	2	134
8	29	134
8	36	134
9	36	4
9	36	7
9	36	10
9	36	12
9	29	13
9	36	13
9	28	17
9	36	19
9	27	47
9	36	54
9	29	58
9	36	58
9	36	69
9	36	78
9	36	84
9	28	97
9	36	101
9	27	110
9	36	112
9	36	120
9	29	123
9	36	123
9	36	133
9	29	134
9	36	134
10	25	7
10	25	10
10	25	12
10	22	14
10	28	17
10	25	19
10	27	47
10	25	54
10	25	69
10	22	74
10	25	78
10	25	84
10	28	97
10	25	101
10	27	101
10	27	110
10	25	120
10	22	126
10	25	133
11	8	1
11	10	1
11	47	1
11	8	8
11	10	8
11	47	8
11	25	11
11	2	15
11	10	15
11	25	16
11	28	17
11	25	18
11	20	21
11	20	27
11	20	28
11	2	29
11	10	29
11	20	29
11	2	30
11	8	30
11	10	30
11	19	30
11	40	30
11	47	30
11	25	31
11	27	31
11	27	32
11	24	36
11	8	38
11	10	38
11	47	38
11	2	41
11	8	41
11	10	41
11	19	41
11	40	41
11	47	41
11	20	46
11	27	47
11	25	49
11	2	51
11	8	51
11	10	51
11	19	51
11	40	51
11	47	51
11	20	56
11	20	59
11	2	60
11	10	60
11	20	60
11	25	65
11	25	68
11	25	72
11	25	73
11	8	75
11	10	75
11	47	75
11	2	87
11	10	87
11	20	87
11	2	88
11	8	88
11	10	88
11	19	88
11	40	88
11	47	88
11	2	90
11	10	90
11	20	90
11	2	92
11	2	93
11	8	93
11	10	93
11	19	93
11	40	93
11	47	93
11	25	94
11	28	97
11	2	99
11	10	99
11	20	99
11	2	103
11	10	103
11	20	103
11	2	106
11	8	106
11	10	106
11	19	106
11	40	106
11	47	106
11	27	108
11	27	110
11	2	111
11	10	111
11	20	111
11	25	118
11	47	125
11	27	129
11	20	132
11	25	135
12	25	12
12	28	17
12	27	47
12	28	97
12	25	101
12	27	101
12	27	110
13	25	7
13	25	10
13	25	12
13	25	13
13	29	16
13	28	17
13	25	19
13	8	30
13	8	41
13	27	47
13	29	49
13	8	51
13	25	54
13	29	68
13	25	69
13	29	72
13	25	78
13	25	84
13	8	88
13	8	93
13	29	94
13	28	97
13	25	101
13	27	101
13	8	106
13	27	110
13	29	118
13	25	120
13	25	133
13	29	135
14	27	2
14	5	3
14	2	14
14	5	17
14	28	17
14	5	35
14	27	50
14	5	52
14	5	61
14	5	63
14	5	64
14	2	74
14	2	87
14	31	87
14	44	87
14	31	88
14	5	97
14	28	97
14	5	102
14	5	107
14	5	113
14	5	115
14	2	126
15	44	1
15	2	4
15	41	4
15	2	7
15	41	7
15	44	8
15	2	10
15	41	10
15	2	12
15	41	12
15	2	13
15	41	13
15	2	15
15	41	15
15	44	15
15	42	16
15	28	17
15	2	19
15	41	19
15	42	23
15	2	29
15	41	29
15	44	29
15	2	30
15	41	30
15	44	30
15	44	38
15	2	41
15	41	41
15	44	41
15	44	48
15	42	49
15	27	50
15	2	51
15	41	51
15	44	51
15	2	54
15	41	54
15	2	58
15	41	58
15	2	60
15	41	60
15	44	60
15	42	68
15	2	69
15	41	69
15	44	70
15	42	72
15	44	75
15	2	78
15	41	78
15	2	84
15	41	84
15	2	87
15	41	87
15	44	87
15	2	88
15	41	88
15	44	88
15	2	90
15	41	90
15	44	90
15	2	92
15	27	92
15	41	92
15	44	92
15	2	93
15	41	93
15	44	93
15	42	94
15	28	97
15	2	99
15	41	99
15	44	99
15	2	101
15	41	101
15	2	103
15	41	103
15	44	103
15	2	106
15	41	106
15	44	106
15	27	109
15	44	109
15	2	111
15	41	111
15	44	111
15	2	112
15	41	112
15	42	118
15	2	120
15	41	120
15	2	123
15	41	123
15	2	133
15	41	133
15	2	134
15	41	134
15	42	135
16	8	1
16	10	1
16	8	8
16	10	8
16	2	15
16	10	15
16	25	16
16	28	17
16	20	21
16	20	27
16	20	28
16	2	29
16	10	29
16	20	29
16	2	30
16	8	30
16	10	30
16	25	31
16	27	31
16	27	32
16	24	36
16	8	38
16	10	38
16	2	41
16	8	41
16	10	41
16	20	46
16	27	47
16	25	49
16	2	51
16	8	51
16	10	51
16	20	56
16	20	59
16	2	60
16	10	60
16	20	60
16	25	65
16	25	68
16	25	72
16	25	73
16	8	75
16	10	75
16	2	87
16	10	87
16	20	87
16	2	88
16	8	88
16	10	88
16	2	90
16	10	90
16	20	90
16	2	92
16	2	93
16	8	93
16	10	93
16	25	94
16	28	97
16	2	99
16	10	99
16	20	99
16	2	103
16	10	103
16	20	103
16	2	106
16	8	106
16	10	106
16	27	110
16	2	111
16	10	111
16	20	111
16	25	118
16	27	129
16	20	132
16	5	134
16	25	135
17	28	17
17	27	37
17	27	47
17	27	97
17	28	97
18	8	1
18	8	8
18	2	15
18	25	16
18	28	17
18	25	18
18	2	29
18	2	30
18	8	30
18	25	31
18	27	31
18	27	32
18	24	36
18	8	38
18	2	41
18	8	41
18	27	47
18	25	49
18	2	51
18	8	51
18	2	60
18	25	65
18	25	68
18	25	72
18	25	73
18	8	75
18	2	87
18	2	88
18	8	88
18	2	90
18	2	92
18	2	93
18	8	93
18	25	94
18	28	97
18	2	99
18	2	103
18	2	106
18	8	106
18	27	110
18	2	111
18	25	118
18	27	129
18	25	135
19	27	10
19	25	12
19	22	14
19	28	17
19	25	19
19	27	47
19	25	54
19	25	69
19	22	74
19	25	84
19	28	97
19	25	101
19	27	101
19	27	110
19	25	120
19	22	126
19	27	133
20	29	1
20	29	8
20	29	15
20	28	17
20	1	20
20	11	20
20	13	20
20	29	20
20	46	20
20	1	21
20	29	21
20	1	22
20	11	24
20	29	29
20	29	30
20	27	37
20	29	38
20	29	40
20	29	41
20	27	47
20	29	51
20	11	56
20	29	60
20	27	71
20	29	75
20	29	87
20	44	87
20	29	88
20	29	90
20	29	93
20	28	97
20	29	99
20	29	103
20	29	106
20	29	111
20	27	127
20	29	131
20	29	132
21	29	1
21	36	4
21	42	5
21	36	7
21	29	8
21	27	9
21	36	10
21	36	12
21	29	13
21	36	13
21	29	15
21	42	16
21	28	17
21	36	19
21	29	20
21	1	21
21	6	21
21	13	21
21	14	21
21	18	21
21	36	21
21	45	21
21	46	21
21	48	21
21	1	22
21	13	22
21	26	22
21	29	22
21	13	23
21	14	23
21	15	23
21	42	23
21	11	24
21	42	25
21	1	27
21	29	29
21	29	30
21	29	38
21	29	40
21	29	41
21	42	44
21	27	47
21	42	49
21	29	51
21	36	54
21	27	56
21	29	58
21	36	58
21	29	60
21	42	68
21	36	69
21	42	72
21	29	75
21	36	78
21	42	82
21	36	84
21	29	87
21	29	88
21	29	90
21	29	93
21	42	94
21	42	95
21	28	97
21	29	99
21	42	100
21	36	101
21	29	103
21	42	105
21	29	106
21	27	110
21	29	111
21	36	112
21	42	118
21	36	120
21	29	123
21	36	123
21	42	128
21	29	131
21	1	132
21	13	132
21	45	132
21	36	133
21	29	134
21	36	134
21	42	135
22	29	1
22	29	8
22	29	15
22	28	17
22	15	21
22	36	21
22	1	22
22	29	22
22	45	22
22	15	23
22	29	23
22	11	24
22	26	27
22	45	27
22	29	28
22	29	29
22	29	30
22	27	37
22	29	38
22	29	40
22	29	41
22	27	47
22	29	51
22	11	56
22	29	60
22	27	71
22	29	75
22	29	87
22	44	87
22	29	88
22	29	90
22	29	93
22	28	97
22	29	99
22	29	103
22	29	106
22	29	111
22	27	127
22	29	131
22	13	132
22	15	132
23	8	1
23	14	5
23	8	8
23	28	17
23	36	21
23	14	23
23	36	23
23	11	24
23	14	25
23	8	30
23	24	36
23	8	38
23	8	41
23	14	44
23	45	46
23	27	47
23	8	51
23	8	75
23	14	82
23	8	88
23	8	93
23	14	95
23	28	97
23	14	100
23	14	105
23	8	106
23	27	110
23	14	128
23	27	129
23	17	132
24	28	17
24	11	24
24	27	37
24	27	47
24	11	56
24	27	57
24	27	71
24	44	87
24	28	97
25	8	1
25	8	8
25	25	11
25	2	15
25	25	16
25	28	17
25	25	18
25	25	25
25	2	29
25	2	30
25	8	30
25	25	31
25	27	31
25	25	32
25	27	33
25	24	36
25	8	38
25	2	41
25	8	41
25	25	44
25	25	45
25	27	47
25	25	49
25	2	51
25	8	51
25	2	60
25	25	65
25	25	68
25	25	72
25	25	73
25	8	75
25	25	76
25	25	82
25	2	87
25	2	88
25	8	88
25	2	90
25	2	92
25	2	93
25	8	93
25	25	94
25	28	97
25	2	99
25	27	100
25	2	103
25	2	106
25	8	106
25	25	108
25	27	110
25	2	111
25	25	118
25	25	128
25	27	129
25	25	135
26	28	17
26	27	37
26	27	47
26	27	71
26	44	87
26	27	91
26	28	97
26	27	127
27	29	1
27	36	4
27	42	5
27	36	7
27	29	8
27	27	9
27	36	10
27	36	12
27	29	13
27	36	13
27	29	15
27	42	16
27	28	17
27	36	19
27	36	21
27	29	22
27	15	23
27	42	23
27	11	24
27	42	25
27	1	27
27	14	27
27	18	27
27	36	27
27	29	29
27	29	30
27	29	38
27	29	40
27	29	41
27	42	44
27	27	47
27	42	49
27	29	51
27	36	54
27	27	56
27	29	58
27	36	58
27	29	60
27	42	68
27	36	69
27	42	72
27	29	75
27	36	78
27	42	82
27	36	84
27	29	87
27	29	88
27	29	90
27	29	93
27	42	94
27	42	95
27	28	97
27	29	99
27	42	100
27	36	101
27	29	103
27	42	105
27	29	106
27	27	110
27	29	111
27	36	112
27	42	118
27	36	120
27	29	123
27	36	123
27	42	128
27	29	131
27	36	132
27	36	133
27	29	134
27	36	134
27	42	135
28	29	1
28	36	4
28	42	5
28	36	7
28	29	8
28	27	9
28	36	10
28	36	12
28	29	13
28	36	13
28	29	15
28	42	16
28	28	17
28	36	19
28	36	21
28	1	22
28	29	22
28	15	23
28	42	23
28	11	24
28	42	25
28	36	27
28	1	28
28	36	28
28	45	28
28	2	29
28	29	29
28	29	30
28	29	38
28	29	40
28	29	41
28	42	44
28	27	47
28	42	49
28	29	51
28	36	54
28	27	56
28	29	58
28	36	58
28	2	60
28	29	60
28	42	68
28	36	69
28	42	72
28	29	75
28	36	78
28	42	82
28	36	84
28	2	87
28	29	87
28	29	88
28	2	90
28	29	90
28	29	93
28	42	94
28	42	95
28	28	97
28	2	99
28	29	99
28	42	100
28	36	101
28	2	103
28	29	103
28	42	105
28	29	106
28	27	110
28	2	111
28	29	111
28	36	112
28	42	118
28	36	120
28	29	123
28	36	123
28	42	128
28	29	131
28	36	132
28	36	133
28	29	134
28	36	134
28	42	135
29	44	1
29	2	4
29	41	4
29	2	7
29	41	7
29	44	8
29	2	10
29	41	10
29	2	12
29	41	12
29	2	13
29	41	13
29	2	15
29	27	15
29	41	15
29	44	15
29	42	16
29	28	17
29	2	19
29	41	19
29	42	23
29	2	29
29	9	29
29	39	29
29	41	29
29	44	29
29	2	30
29	41	30
29	44	30
29	2	35
29	44	38
29	2	41
29	41	41
29	44	41
29	44	48
29	42	49
29	27	50
29	2	51
29	41	51
29	44	51
29	2	54
29	41	54
29	2	58
29	41	58
29	2	60
29	9	60
29	39	60
29	41	60
29	44	60
29	42	68
29	2	69
29	41	69
29	44	70
29	42	72
29	44	75
29	2	78
29	41	78
29	2	84
29	41	84
29	2	87
29	39	87
29	41	87
29	44	87
29	2	88
29	41	88
29	44	88
29	2	90
29	9	90
29	39	90
29	41	90
29	44	90
29	2	92
29	27	92
29	41	92
29	44	92
29	2	93
29	41	93
29	44	93
29	42	94
29	28	97
29	2	99
29	39	99
29	41	99
29	44	99
29	2	101
29	41	101
29	2	102
29	2	103
29	39	103
29	41	103
29	44	103
29	2	106
29	41	106
29	44	106
29	27	109
29	44	109
29	2	111
29	9	111
29	27	111
29	39	111
29	41	111
29	44	111
29	2	112
29	41	112
29	42	118
29	2	120
29	41	120
29	2	123
29	41	123
29	35	130
29	2	133
29	41	133
29	2	134
29	41	134
29	42	135
30	9	1
30	10	1
30	44	1
30	35	3
30	2	4
30	41	4
30	2	7
30	41	7
30	9	8
30	10	8
30	44	8
30	2	10
30	41	10
30	2	12
30	41	12
30	2	13
30	41	13
30	44	14
30	2	15
30	27	15
30	41	15
30	44	15
30	42	16
30	28	17
30	2	19
30	41	19
30	42	23
30	2	29
30	31	29
30	41	29
30	44	29
30	2	30
30	5	30
30	9	30
30	10	30
30	16	30
30	31	30
30	39	30
30	41	30
30	44	30
30	5	35
30	9	38
30	10	38
30	44	38
30	44	40
30	2	41
30	10	41
30	16	41
30	31	41
30	35	41
30	39	41
30	41	41
30	44	41
30	44	48
30	42	49
30	27	50
30	2	51
30	5	51
30	9	51
30	10	51
30	16	51
30	31	51
30	39	51
30	41	51
30	44	51
30	35	52
30	2	54
30	41	54
30	2	58
30	41	58
30	2	60
30	31	60
30	41	60
30	44	60
30	35	63
30	44	66
30	42	68
30	2	69
30	41	69
30	44	70
30	42	72
30	44	74
30	9	75
30	10	75
30	31	75
30	35	75
30	44	75
30	2	78
30	41	78
30	44	79
30	2	84
30	41	84
30	2	87
30	31	87
30	41	87
30	44	87
30	2	88
30	10	88
30	16	88
30	31	88
30	35	88
30	39	88
30	41	88
30	44	88
30	2	90
30	31	90
30	41	90
30	44	90
30	2	92
30	27	92
30	41	92
30	44	92
30	2	93
30	10	93
30	16	93
30	31	93
30	35	93
30	39	93
30	41	93
30	44	93
30	42	94
30	28	97
30	2	99
30	31	99
30	41	99
30	44	99
30	2	101
30	41	101
30	5	102
30	2	103
30	31	103
30	41	103
30	44	103
30	2	106
30	5	106
30	9	106
30	10	106
30	16	106
30	27	106
30	31	106
30	39	106
30	41	106
30	44	106
30	35	107
30	27	109
30	44	109
30	2	111
30	31	111
30	41	111
30	44	111
30	2	112
30	41	112
30	35	113
30	35	115
30	42	118
30	2	120
30	41	120
30	2	123
30	41	123
30	44	126
30	44	131
30	2	133
30	41	133
30	2	134
30	41	134
30	42	135
31	8	1
31	8	8
31	2	15
31	28	17
31	2	29
31	2	30
31	8	30
31	25	31
31	24	36
31	8	38
31	2	41
31	8	41
31	27	47
31	2	51
31	8	51
31	2	60
31	8	75
31	2	87
31	2	88
31	8	88
31	2	90
31	2	92
31	2	93
31	8	93
31	28	97
31	2	99
31	2	103
31	2	106
31	8	106
31	27	110
31	2	111
31	27	129
32	8	1
32	8	8
32	25	11
32	2	15
32	25	16
32	28	17
32	25	18
32	2	29
32	2	30
32	8	30
32	25	31
32	27	31
32	25	32
32	24	36
32	8	38
32	2	41
32	8	41
32	27	47
32	25	49
32	2	51
32	8	51
32	2	60
32	25	65
32	25	68
32	25	72
32	25	73
32	8	75
32	2	87
32	2	88
32	8	88
32	2	90
32	2	92
32	2	93
32	8	93
32	25	94
32	28	97
32	2	99
32	2	103
32	2	106
32	8	106
32	25	108
32	27	110
32	2	111
32	25	118
32	27	129
32	25	135
33	8	1
33	25	5
33	8	8
33	25	11
33	2	15
33	25	16
33	28	17
33	25	18
33	25	25
33	2	29
33	2	30
33	8	30
33	25	31
33	27	31
33	25	32
33	25	33
33	24	36
33	8	38
33	2	41
33	8	41
33	25	44
33	25	45
33	27	47
33	25	49
33	2	51
33	8	51
33	2	60
33	25	65
33	25	68
33	25	72
33	25	73
33	8	75
33	25	76
33	25	82
33	2	87
33	2	88
33	8	88
33	2	90
33	2	92
33	2	93
33	8	93
33	25	94
33	25	95
33	28	97
33	2	99
33	25	100
33	2	103
33	25	105
33	2	106
33	8	106
33	25	108
33	27	110
33	2	111
33	25	118
33	25	128
33	27	129
33	25	135
34	28	17
34	27	37
34	27	47
34	27	77
34	28	97
35	43	4
35	43	7
35	43	10
35	43	12
35	43	13
35	44	15
35	28	17
35	43	19
35	31	29
35	32	29
35	44	29
35	44	30
35	5	35
35	16	35
35	27	37
35	44	41
35	27	47
35	44	48
35	44	51
35	43	54
35	43	58
35	31	60
35	32	60
35	44	60
35	43	69
35	44	70
35	44	75
35	43	78
35	43	84
35	31	87
35	32	87
35	44	87
35	44	88
35	31	90
35	32	90
35	44	90
35	44	92
35	44	93
35	28	97
35	31	99
35	32	99
35	44	99
35	43	101
35	5	102
35	16	102
35	27	102
35	31	103
35	32	103
35	44	103
35	44	106
35	44	109
35	31	111
35	32	111
35	44	111
35	43	112
35	43	120
35	43	123
35	43	133
35	43	134
36	8	1
36	8	8
36	28	17
36	8	30
36	8	38
36	8	41
36	27	47
36	8	51
36	8	75
36	27	85
36	8	88
36	8	93
36	28	97
36	8	106
36	27	110
37	28	17
37	27	47
37	28	97
38	9	1
38	10	1
38	44	1
38	35	3
38	2	4
38	36	4
38	2	7
38	36	7
38	9	8
38	10	8
38	27	8
38	44	8
38	27	9
38	2	10
38	36	10
38	2	12
38	36	12
38	2	13
38	29	13
38	36	13
38	31	15
38	44	15
38	28	17
38	2	19
38	36	19
38	2	29
38	31	29
38	44	29
38	29	30
38	31	30
38	44	30
38	5	35
38	9	38
38	10	38
38	44	38
38	44	40
38	29	41
38	31	41
38	44	41
38	27	47
38	44	48
38	29	51
38	31	51
38	44	51
38	35	52
38	2	54
38	36	54
38	2	58
38	29	58
38	36	58
38	2	60
38	31	60
38	44	60
38	35	63
38	44	66
38	2	69
38	36	69
38	44	70
38	44	75
38	2	78
38	36	78
38	44	79
38	2	84
38	36	84
38	2	87
38	31	87
38	44	87
38	29	88
38	31	88
38	44	88
38	2	90
38	31	90
38	44	90
38	44	92
38	29	93
38	31	93
38	44	93
38	28	97
38	2	99
38	31	99
38	44	99
38	2	101
38	36	101
38	5	102
38	2	103
38	31	103
38	44	103
38	29	106
38	31	106
38	44	106
38	35	107
38	44	109
38	27	110
38	2	111
38	31	111
38	44	111
38	2	112
38	36	112
38	35	113
38	35	115
38	2	120
38	36	120
38	2	123
38	29	123
38	36	123
38	44	131
38	2	133
38	36	133
38	2	134
38	29	134
38	36	134
39	5	1
39	27	2
39	5	8
39	28	17
39	5	30
39	5	38
39	5	41
39	27	50
39	5	51
39	5	75
39	5	88
39	5	93
39	28	97
39	5	106
40	5	1
40	19	1
40	27	2
40	3	5
40	4	5
40	33	5
40	5	8
40	19	8
40	3	11
40	4	11
40	33	11
40	49	11
40	2	15
40	33	15
40	3	16
40	4	16
40	33	16
40	28	17
40	34	17
40	3	18
40	4	18
40	33	18
40	3	23
40	33	23
40	3	25
40	4	25
40	33	25
40	2	29
40	33	29
40	2	30
40	5	30
40	19	30
40	33	30
40	3	31
40	4	31
40	33	31
40	3	32
40	4	32
40	33	32
40	3	33
40	4	33
40	33	33
40	33	35
40	49	36
40	5	38
40	19	38
40	34	40
40	2	41
40	5	41
40	19	41
40	33	41
40	49	42
40	3	44
40	4	44
40	33	44
40	3	45
40	4	45
40	33	45
40	3	49
40	4	49
40	33	49
40	27	50
40	2	51
40	5	51
40	19	51
40	33	51
40	2	60
40	33	60
40	3	65
40	4	65
40	33	65
40	27	66
40	3	68
40	4	68
40	33	68
40	3	72
40	4	72
40	33	72
40	3	73
40	4	73
40	33	73
40	5	75
40	19	75
40	3	76
40	4	76
40	33	76
40	3	82
40	4	82
40	33	82
40	49	85
40	49	86
40	2	87
40	33	87
40	2	88
40	5	88
40	19	88
40	33	88
40	2	90
40	33	90
40	33	92
40	2	93
40	5	93
40	19	93
40	33	93
40	3	94
40	4	94
40	33	94
40	3	95
40	4	95
40	33	95
40	28	97
40	34	97
40	27	98
40	2	99
40	33	99
40	3	100
40	4	100
40	33	100
40	33	102
40	2	103
40	33	103
40	3	105
40	4	105
40	33	105
40	2	106
40	5	106
40	19	106
40	33	106
40	2	107
40	3	108
40	4	108
40	33	108
40	49	108
40	2	111
40	33	111
40	33	117
40	3	118
40	4	118
40	33	118
40	49	122
40	3	128
40	4	128
40	33	128
40	33	130
40	39	131
40	3	135
40	4	135
40	33	135
41	9	1
41	10	1
41	44	1
41	35	3
41	2	4
41	41	4
41	2	7
41	41	7
41	9	8
41	10	8
41	44	8
41	2	10
41	41	10
41	2	12
41	41	12
41	2	13
41	41	13
41	44	14
41	2	15
41	27	15
41	41	15
41	44	15
41	42	16
41	28	17
41	2	19
41	41	19
41	42	23
41	2	29
41	31	29
41	41	29
41	44	29
41	2	30
41	5	30
41	9	30
41	10	30
41	16	30
41	31	30
41	39	30
41	41	30
41	44	30
41	5	35
41	9	38
41	10	38
41	44	38
41	44	40
41	2	41
41	5	41
41	9	41
41	10	41
41	16	41
41	31	41
41	35	41
41	39	41
41	41	41
41	44	41
41	44	48
41	42	49
41	27	50
41	2	51
41	5	51
41	9	51
41	10	51
41	12	51
41	16	51
41	31	51
41	39	51
41	41	51
41	44	51
41	35	52
41	2	54
41	41	54
41	2	58
41	41	58
41	2	60
41	31	60
41	41	60
41	44	60
41	35	63
41	44	66
41	42	68
41	2	69
41	41	69
41	44	70
41	42	72
41	44	74
41	9	75
41	10	75
41	31	75
41	35	75
41	44	75
41	2	78
41	41	78
41	44	79
41	2	84
41	41	84
41	2	87
41	31	87
41	41	87
41	44	87
41	2	88
41	5	88
41	9	88
41	10	88
41	16	88
41	31	88
41	35	88
41	39	88
41	41	88
41	44	88
41	2	90
41	31	90
41	41	90
41	44	90
41	2	92
41	27	92
41	41	92
41	44	92
41	2	93
41	5	93
41	9	93
41	10	93
41	16	93
41	31	93
41	35	93
41	39	93
41	41	93
41	44	93
41	42	94
41	28	97
41	2	99
41	31	99
41	41	99
41	44	99
41	2	101
41	41	101
41	5	102
41	2	103
41	31	103
41	41	103
41	44	103
41	2	106
41	5	106
41	9	106
41	10	106
41	16	106
41	27	106
41	31	106
41	39	106
41	41	106
41	44	106
41	35	107
41	27	109
41	44	109
41	2	111
41	31	111
41	41	111
41	44	111
41	2	112
41	41	112
41	35	113
41	35	115
41	42	118
41	2	120
41	41	120
41	2	123
41	41	123
41	44	126
41	44	131
41	42	132
41	2	133
41	41	133
41	2	134
41	41	134
41	42	135
42	8	1
42	47	1
42	8	8
42	47	8
42	28	17
42	8	30
42	40	30
42	47	30
42	15	36
42	8	38
42	47	38
42	8	41
42	40	41
42	47	41
42	27	47
42	8	51
42	40	51
42	47	51
42	8	75
42	40	75
42	47	75
42	27	85
42	27	86
42	8	88
42	40	88
42	47	88
42	8	93
42	40	93
42	47	93
42	28	97
42	8	106
42	40	106
42	47	106
42	27	110
42	47	125
43	5	1
43	27	2
43	5	8
43	28	17
43	34	17
43	5	30
43	5	38
43	5	41
43	27	50
43	5	51
43	5	75
43	5	88
43	5	93
43	28	97
43	34	97
43	27	98
43	5	106
44	8	1
44	8	8
44	25	11
44	2	15
44	25	16
44	28	17
44	25	18
44	2	29
44	2	30
44	8	30
44	25	31
44	27	31
44	25	32
44	27	33
44	24	36
44	8	38
44	2	41
44	8	41
44	25	44
44	25	45
44	27	47
44	25	49
44	2	51
44	8	51
44	2	60
44	25	65
44	25	68
44	25	72
44	25	73
44	8	75
44	25	76
44	27	82
44	2	87
44	2	88
44	8	88
44	2	90
44	2	92
44	2	93
44	8	93
44	25	94
44	28	97
44	2	99
44	27	100
44	2	103
44	2	106
44	8	106
44	25	108
44	27	110
44	2	111
44	25	118
44	27	129
44	25	135
45	8	1
45	8	8
45	25	11
45	2	15
45	25	16
45	28	17
45	25	18
45	2	29
45	2	30
45	8	30
45	25	31
45	27	31
45	25	32
45	27	33
45	24	36
45	8	38
45	2	41
45	8	41
45	25	45
45	27	47
45	25	49
45	2	51
45	8	51
45	2	60
45	25	65
45	25	68
45	25	72
45	25	73
45	8	75
45	25	76
45	2	87
45	2	88
45	8	88
45	2	90
45	2	92
45	2	93
45	8	93
45	25	94
45	28	97
45	2	99
45	2	103
45	2	106
45	8	106
45	25	108
45	27	110
45	2	111
45	25	118
45	27	129
45	25	135
46	36	4
46	36	7
46	27	9
46	36	10
46	36	12
46	29	13
46	36	13
46	29	15
46	28	17
46	36	19
46	18	21
46	15	23
46	18	27
46	36	27
46	45	27
46	29	29
46	29	30
46	29	41
46	18	46
46	26	46
46	36	46
46	45	46
46	27	47
46	29	51
46	36	54
46	29	58
46	36	58
46	29	60
46	36	69
46	36	78
46	36	84
46	29	87
46	29	88
46	29	90
46	29	93
46	28	97
46	29	99
46	36	101
46	29	103
46	29	106
46	27	110
46	29	111
46	36	112
46	36	120
46	29	123
46	36	123
46	18	132
46	36	133
46	29	134
46	36	134
47	28	17
47	28	97
48	44	1
48	44	8
48	44	15
48	28	17
48	44	29
48	44	30
48	44	38
48	44	41
48	44	48
48	27	50
48	44	51
48	44	60
48	27	70
48	44	70
48	44	75
48	44	87
48	44	88
48	44	90
48	44	92
48	44	93
48	28	97
48	44	99
48	44	103
48	44	106
48	27	109
48	44	109
48	44	111
49	8	1
49	10	1
49	8	8
49	10	8
49	2	15
49	10	15
49	27	16
49	28	17
49	20	21
49	20	27
49	20	28
49	2	29
49	10	29
49	20	29
49	2	30
49	8	30
49	10	30
49	25	31
49	27	31
49	27	32
49	24	36
49	8	38
49	10	38
49	2	41
49	8	41
49	10	41
49	20	46
49	27	47
49	25	49
49	2	51
49	8	51
49	10	51
49	20	56
49	20	59
49	2	60
49	10	60
49	20	60
49	25	65
49	25	72
49	25	73
49	8	75
49	10	75
49	2	87
49	10	87
49	20	87
49	2	88
49	8	88
49	10	88
49	2	90
49	10	90
49	20	90
49	2	92
49	2	93
49	8	93
49	10	93
49	28	97
49	2	99
49	10	99
49	20	99
49	2	103
49	10	103
49	20	103
49	2	106
49	8	106
49	10	106
49	27	110
49	2	111
49	10	111
49	20	111
49	25	118
49	27	129
49	20	132
49	5	134
49	25	135
50	28	17
50	28	97
51	9	1
51	10	1
51	44	1
51	35	3
51	2	4
51	41	4
51	2	7
51	41	7
51	9	8
51	10	8
51	44	8
51	2	10
51	41	10
51	2	12
51	41	12
51	2	13
51	41	13
51	44	14
51	2	15
51	27	15
51	41	15
51	44	15
51	42	16
51	28	17
51	2	19
51	41	19
51	42	23
51	2	29
51	31	29
51	41	29
51	44	29
51	2	30
51	10	30
51	16	30
51	31	30
51	39	30
51	41	30
51	44	30
51	5	35
51	9	38
51	10	38
51	44	38
51	44	40
51	2	41
51	10	41
51	16	41
51	31	41
51	35	41
51	39	41
51	41	41
51	44	41
51	44	48
51	42	49
51	27	50
51	2	51
51	5	51
51	9	51
51	10	51
51	16	51
51	31	51
51	39	51
51	41	51
51	44	51
51	35	52
51	2	54
51	41	54
51	2	58
51	41	58
51	2	60
51	31	60
51	41	60
51	44	60
51	35	63
51	44	66
51	42	68
51	2	69
51	41	69
51	44	70
51	42	72
51	44	74
51	9	75
51	10	75
51	31	75
51	35	75
51	44	75
51	2	78
51	41	78
51	44	79
51	2	84
51	41	84
51	2	87
51	31	87
51	41	87
51	44	87
51	2	88
51	10	88
51	16	88
51	31	88
51	35	88
51	39	88
51	41	88
51	44	88
51	2	90
51	31	90
51	41	90
51	44	90
51	2	92
51	27	92
51	41	92
51	44	92
51	2	93
51	10	93
51	16	93
51	31	93
51	35	93
51	39	93
51	41	93
51	44	93
51	42	94
51	28	97
51	2	99
51	31	99
51	41	99
51	44	99
51	2	101
51	41	101
51	5	102
51	2	103
51	31	103
51	41	103
51	44	103
51	2	106
51	5	106
51	9	106
51	10	106
51	16	106
51	27	106
51	31	106
51	39	106
51	41	106
51	44	106
51	35	107
51	27	109
51	44	109
51	2	111
51	31	111
51	41	111
51	44	111
51	2	112
51	41	112
51	35	113
51	35	115
51	42	118
51	2	120
51	41	120
51	2	123
51	41	123
51	44	126
51	44	131
51	2	133
51	41	133
51	2	134
51	41	134
51	42	135
52	37	2
52	25	3
52	22	14
52	37	14
52	28	17
52	42	34
52	49	34
52	42	36
52	49	36
52	27	37
52	37	39
52	37	40
52	42	42
52	49	42
52	37	43
52	27	47
52	25	52
52	37	62
52	25	63
52	27	63
52	37	66
52	22	74
52	37	74
52	42	77
52	49	77
52	37	79
52	37	83
52	42	85
52	49	85
52	42	86
52	49	86
52	37	89
52	28	97
52	37	98
52	25	107
52	42	119
52	49	119
52	37	121
52	42	122
52	49	122
52	22	126
52	37	126
52	37	131
53	5	1
53	31	1
53	5	8
53	31	8
53	21	15
53	31	15
53	28	17
53	21	29
53	31	29
53	5	30
53	21	30
53	31	30
53	21	35
53	27	37
53	5	38
53	31	38
53	5	41
53	21	41
53	31	41
53	27	47
53	5	51
53	21	51
53	31	51
53	9	53
53	21	60
53	31	60
53	5	75
53	31	75
53	21	87
53	31	87
53	5	88
53	21	88
53	31	88
53	21	90
53	31	90
53	5	93
53	21	93
53	31	93
53	28	97
53	21	99
53	31	99
53	21	102
53	21	103
53	31	103
53	5	106
53	21	106
53	31	106
53	21	111
53	31	111
54	27	10
54	25	12
54	22	14
54	28	17
54	27	47
54	25	54
54	25	69
54	22	74
54	25	84
54	28	97
54	25	101
54	27	101
54	27	110
54	25	120
54	22	126
54	27	133
55	8	1
55	8	8
55	2	15
55	28	17
55	2	29
55	2	30
55	8	30
55	24	36
55	8	38
55	2	41
55	8	41
55	27	47
55	2	51
55	8	51
55	2	60
55	8	75
55	2	87
55	2	88
55	8	88
55	2	90
55	2	93
55	8	93
55	28	97
55	2	99
55	2	103
55	2	106
55	8	106
55	27	110
55	2	111
55	27	129
56	29	1
56	36	4
56	42	5
56	36	7
56	29	8
56	27	9
56	36	10
56	36	12
56	29	13
56	36	13
56	29	15
56	42	16
56	28	17
56	36	19
56	15	23
56	42	23
56	42	25
56	29	29
56	29	30
56	29	38
56	29	41
56	42	44
56	27	47
56	42	49
56	29	51
56	36	54
56	29	58
56	36	58
56	29	60
56	42	68
56	36	69
56	42	72
56	29	75
56	36	78
56	42	82
56	36	84
56	29	87
56	29	88
56	29	90
56	29	93
56	42	94
56	42	95
56	28	97
56	29	99
56	42	100
56	36	101
56	29	103
56	42	105
56	29	106
56	27	110
56	29	111
56	36	112
56	42	118
56	36	120
56	29	123
56	36	123
56	42	128
56	36	133
56	29	134
56	36	134
56	42	135
57	28	17
57	27	37
57	27	47
57	27	71
57	44	87
57	28	97
58	25	7
58	25	10
58	25	12
58	25	13
58	29	16
58	28	17
58	25	19
58	8	30
58	8	41
58	27	47
58	29	49
58	8	51
58	25	54
58	25	58
58	29	68
58	25	69
58	29	72
58	25	78
58	25	84
58	8	88
58	8	93
58	29	94
58	28	97
58	25	101
58	27	101
58	8	106
58	27	110
58	29	118
58	25	120
58	25	123
58	25	133
58	25	134
58	29	135
59	29	1
59	36	4
59	42	5
59	36	7
59	29	8
59	27	9
59	36	10
59	36	12
59	29	13
59	36	13
59	29	15
59	42	16
59	28	17
59	36	19
59	36	21
59	15	23
59	42	23
59	42	25
59	36	27
59	36	28
59	2	29
59	29	29
59	29	30
59	29	38
59	29	41
59	42	44
59	27	47
59	42	49
59	29	51
59	36	54
59	27	56
59	29	58
59	36	58
59	14	59
59	2	60
59	7	60
59	29	60
59	42	68
59	36	69
59	42	72
59	29	75
59	36	78
59	42	82
59	36	84
59	2	87
59	29	87
59	29	88
59	2	90
59	7	90
59	29	90
59	29	93
59	42	94
59	42	95
59	28	97
59	2	99
59	29	99
59	42	100
59	36	101
59	2	103
59	29	103
59	42	105
59	29	106
59	27	110
59	2	111
59	29	111
59	36	112
59	42	118
59	36	120
59	29	123
59	36	123
59	42	128
59	36	132
59	36	133
59	29	134
59	36	134
59	42	135
60	44	1
60	2	4
60	41	4
60	2	7
60	41	7
60	44	8
60	2	10
60	41	10
60	2	12
60	41	12
60	2	13
60	41	13
60	2	15
60	27	15
60	41	15
60	44	15
60	42	16
60	28	17
60	2	19
60	41	19
60	42	23
60	42	28
60	2	29
60	39	29
60	41	29
60	44	29
60	2	30
60	41	30
60	44	30
60	2	35
60	44	38
60	2	41
60	41	41
60	44	41
60	44	48
60	42	49
60	27	50
60	2	51
60	41	51
60	44	51
60	2	54
60	41	54
60	2	58
60	41	58
60	2	60
60	9	60
60	39	60
60	41	60
60	44	60
60	42	68
60	2	69
60	41	69
60	44	70
60	42	72
60	44	75
60	2	78
60	41	78
60	2	84
60	41	84
60	2	87
60	39	87
60	41	87
60	44	87
60	2	88
60	41	88
60	44	88
60	2	90
60	27	90
60	39	90
60	41	90
60	44	90
60	2	92
60	27	92
60	41	92
60	44	92
60	2	93
60	41	93
60	44	93
60	42	94
60	28	97
60	2	99
60	39	99
60	41	99
60	44	99
60	2	101
60	41	101
60	2	102
60	2	103
60	39	103
60	41	103
60	44	103
60	2	106
60	41	106
60	44	106
60	27	109
60	44	109
60	2	111
60	9	111
60	27	111
60	39	111
60	41	111
60	44	111
60	2	112
60	41	112
60	42	118
60	2	120
60	41	120
60	2	123
60	41	123
60	35	130
60	2	133
60	41	133
60	2	134
60	41	134
60	42	135
61	5	1
61	5	8
61	28	17
61	5	30
61	27	37
61	5	38
61	5	41
61	27	47
61	5	51
61	27	71
61	5	75
61	44	87
61	5	88
61	5	93
61	28	97
61	5	106
61	27	127
62	5	1
62	27	2
62	5	8
62	28	17
62	34	17
62	5	30
62	5	38
62	5	41
62	27	50
62	5	51
62	5	75
62	5	88
62	5	93
62	28	97
62	34	97
62	27	98
62	5	106
63	37	2
63	22	14
63	37	14
63	28	17
63	42	34
63	49	34
63	42	36
63	49	36
63	27	37
63	37	39
63	37	40
63	42	42
63	49	42
63	37	43
63	27	47
63	37	62
63	25	63
63	37	66
63	22	74
63	37	74
63	42	77
63	49	77
63	37	79
63	37	83
63	42	85
63	49	85
63	42	86
63	49	86
63	37	89
63	28	97
63	37	98
63	42	119
63	49	119
63	37	121
63	42	122
63	49	122
63	22	126
63	37	126
63	37	131
64	43	3
64	28	17
64	27	37
64	27	47
64	43	52
64	43	63
64	28	97
64	43	107
64	43	113
64	43	115
65	8	1
65	10	1
65	8	8
65	10	8
65	2	15
65	10	15
65	28	17
65	20	21
65	20	27
65	20	28
65	2	29
65	10	29
65	20	29
65	2	30
65	8	30
65	10	30
65	25	31
65	27	31
65	27	32
65	24	36
65	8	38
65	10	38
65	2	41
65	8	41
65	10	41
65	20	46
65	27	47
65	2	51
65	8	51
65	10	51
65	20	56
65	20	59
65	2	60
65	10	60
65	20	60
65	25	65
65	8	75
65	10	75
65	2	87
65	10	87
65	20	87
65	2	88
65	8	88
65	10	88
65	2	90
65	10	90
65	20	90
65	2	92
65	2	93
65	8	93
65	10	93
65	28	97
65	2	99
65	10	99
65	20	99
65	2	103
65	10	103
65	20	103
65	2	106
65	8	106
65	10	106
65	27	110
65	2	111
65	10	111
65	20	111
65	27	129
65	20	132
66	5	1
66	27	2
66	5	8
66	2	15
66	28	17
66	34	17
66	2	29
66	2	30
66	5	30
66	5	38
66	2	41
66	5	41
66	27	50
66	2	51
66	5	51
66	2	60
66	5	75
66	2	87
66	2	88
66	5	88
66	2	90
66	2	93
66	5	93
66	28	97
66	34	97
66	27	98
66	2	99
66	2	103
66	2	106
66	5	106
66	2	111
67	28	17
67	42	34
67	27	37
67	7	40
67	29	40
67	7	43
67	29	43
67	27	47
67	7	62
67	29	62
67	7	66
67	29	66
67	42	77
67	7	79
67	29	79
67	7	89
67	29	89
67	28	97
67	7	98
67	29	98
67	27	104
67	30	107
67	42	119
67	7	121
67	29	121
67	7	131
67	29	131
68	8	1
68	10	1
68	8	8
68	10	8
68	2	15
68	10	15
68	27	16
68	28	17
68	20	21
68	20	27
68	20	28
68	2	29
68	10	29
68	20	29
68	2	30
68	8	30
68	10	30
68	25	31
68	27	31
68	27	32
68	24	36
68	8	38
68	10	38
68	2	41
68	8	41
68	10	41
68	20	46
68	27	47
68	25	49
68	2	51
68	8	51
68	10	51
68	20	56
68	20	59
68	2	60
68	10	60
68	20	60
68	25	65
68	25	68
68	25	72
68	25	73
68	8	75
68	10	75
68	2	87
68	10	87
68	20	87
68	2	88
68	8	88
68	10	88
68	2	90
68	10	90
68	20	90
68	2	92
68	2	93
68	8	93
68	10	93
68	28	97
68	2	99
68	10	99
68	20	99
68	2	103
68	10	103
68	20	103
68	2	106
68	8	106
68	10	106
68	27	110
68	2	111
68	10	111
68	20	111
68	25	118
68	27	129
68	20	132
68	5	134
68	25	135
69	27	10
69	25	12
69	22	14
69	28	17
69	27	47
69	25	69
69	22	74
69	27	84
69	28	97
69	25	101
69	27	101
69	27	110
69	22	126
69	27	133
70	44	1
70	44	8
70	44	15
70	28	17
70	44	29
70	44	30
70	44	38
70	44	41
70	44	48
70	27	50
70	44	51
70	44	60
70	44	70
70	44	75
70	44	87
70	44	88
70	44	90
70	44	92
70	44	93
70	28	97
70	44	99
70	44	103
70	44	106
70	27	109
70	44	109
70	44	111
71	11	14
71	28	17
71	27	37
71	27	47
71	44	87
71	28	97
72	8	1
72	10	1
72	8	8
72	10	8
72	23	13
72	2	15
72	10	15
72	27	16
72	28	17
72	20	21
72	20	27
72	20	28
72	2	29
72	10	29
72	20	29
72	2	30
72	8	30
72	10	30
72	23	30
72	25	31
72	27	31
72	27	32
72	24	36
72	8	38
72	10	38
72	2	41
72	8	41
72	10	41
72	23	41
72	20	46
72	27	47
72	2	51
72	8	51
72	10	51
72	23	51
72	20	56
72	20	59
72	2	60
72	10	60
72	20	60
72	25	65
72	25	72
72	25	73
72	8	75
72	10	75
72	2	87
72	10	87
72	20	87
72	2	88
72	8	88
72	10	88
72	23	88
72	2	90
72	10	90
72	20	90
72	2	92
72	2	93
72	8	93
72	10	93
72	23	93
72	28	97
72	2	99
72	10	99
72	20	99
72	2	103
72	10	103
72	20	103
72	2	106
72	8	106
72	10	106
72	23	106
72	27	110
72	2	111
72	10	111
72	20	111
72	25	118
72	23	123
72	27	129
72	20	132
72	5	134
72	23	134
73	8	1
73	8	8
73	2	15
73	28	17
73	2	29
73	2	30
73	8	30
73	25	31
73	27	31
73	27	32
73	24	36
73	8	38
73	2	41
73	8	41
73	27	47
73	2	51
73	8	51
73	2	60
73	25	65
73	25	73
73	8	75
73	2	87
73	2	88
73	8	88
73	2	90
73	2	92
73	2	93
73	8	93
73	28	97
73	2	99
73	2	103
73	2	106
73	8	106
73	27	110
73	2	111
73	27	129
74	5	1
74	27	2
74	5	3
74	5	8
74	2	14
74	27	14
74	5	17
74	28	17
74	5	30
74	5	35
74	5	38
74	5	41
74	27	50
74	5	51
74	5	52
74	5	61
74	5	63
74	5	64
74	12	71
74	2	74
74	5	75
74	2	87
74	31	87
74	44	87
74	5	88
74	31	88
74	5	93
74	5	97
74	28	97
74	5	102
74	5	106
74	5	107
74	5	113
74	5	115
74	2	126
74	41	126
75	10	1
75	44	1
75	35	3
75	10	8
75	44	8
75	44	14
75	44	15
75	28	17
75	20	21
75	20	27
75	20	28
75	20	29
75	44	29
75	10	30
75	44	30
75	5	35
75	10	38
75	44	38
75	44	40
75	10	41
75	44	41
75	20	46
75	44	48
75	27	50
75	10	51
75	44	51
75	35	52
75	20	56
75	20	59
75	20	60
75	44	60
75	35	63
75	44	66
75	44	70
75	44	74
75	9	75
75	44	75
75	44	79
75	20	87
75	44	87
75	10	88
75	44	88
75	20	90
75	44	90
75	44	92
75	10	93
75	44	93
75	28	97
75	20	99
75	44	99
75	5	102
75	20	103
75	44	103
75	10	106
75	44	106
75	35	107
75	27	109
75	44	109
75	20	111
75	44	111
75	35	113
75	35	115
75	44	126
75	44	131
75	20	132
76	8	1
76	8	8
76	25	11
76	2	15
76	25	16
76	28	17
76	25	18
76	2	29
76	2	30
76	8	30
76	25	31
76	27	31
76	25	32
76	27	33
76	24	36
76	8	38
76	2	41
76	8	41
76	27	47
76	25	49
76	2	51
76	8	51
76	2	60
76	25	65
76	25	68
76	25	72
76	25	73
76	8	75
76	25	76
76	2	87
76	2	88
76	8	88
76	2	90
76	2	92
76	2	93
76	8	93
76	25	94
76	28	97
76	2	99
76	2	103
76	2	106
76	8	106
76	25	108
76	27	110
76	2	111
76	25	118
76	27	129
76	25	135
77	28	17
77	27	37
77	11	40
77	27	47
77	11	77
77	28	97
78	25	7
78	27	10
78	25	12
78	22	14
78	28	17
78	25	19
78	8	30
78	8	41
78	27	47
78	8	51
78	25	54
78	25	69
78	22	74
78	25	78
78	25	84
78	8	88
78	8	93
78	28	97
78	25	101
78	27	101
78	8	106
78	27	110
78	25	120
78	22	126
78	25	133
79	5	1
79	19	1
79	27	2
79	3	5
79	4	5
79	33	5
79	5	8
79	19	8
79	3	11
79	4	11
79	33	11
79	2	15
79	4	15
79	33	15
79	3	16
79	4	16
79	33	16
79	28	17
79	34	17
79	3	18
79	4	18
79	33	18
79	3	23
79	33	23
79	3	25
79	4	25
79	33	25
79	2	29
79	4	29
79	33	29
79	2	30
79	4	30
79	5	30
79	19	30
79	33	30
79	3	31
79	4	31
79	33	31
79	3	32
79	4	32
79	33	32
79	3	33
79	4	33
79	33	33
79	33	35
79	5	38
79	19	38
79	34	40
79	2	41
79	4	41
79	5	41
79	19	41
79	33	41
79	3	44
79	4	44
79	33	44
79	3	45
79	4	45
79	33	45
79	3	49
79	4	49
79	33	49
79	27	50
79	2	51
79	4	51
79	5	51
79	19	51
79	33	51
79	2	60
79	4	60
79	33	60
79	3	65
79	4	65
79	33	65
79	27	66
79	3	68
79	4	68
79	33	68
79	3	72
79	4	72
79	33	72
79	3	73
79	4	73
79	33	73
79	5	75
79	19	75
79	3	76
79	4	76
79	33	76
79	34	79
79	3	82
79	4	82
79	33	82
79	2	87
79	4	87
79	33	87
79	2	88
79	4	88
79	5	88
79	19	88
79	33	88
79	2	90
79	4	90
79	33	90
79	4	92
79	33	92
79	2	93
79	4	93
79	5	93
79	19	93
79	33	93
79	3	94
79	4	94
79	33	94
79	3	95
79	4	95
79	33	95
79	28	97
79	34	97
79	27	98
79	2	99
79	4	99
79	33	99
79	3	100
79	4	100
79	33	100
79	33	102
79	2	103
79	4	103
79	33	103
79	3	105
79	4	105
79	33	105
79	2	106
79	4	106
79	5	106
79	19	106
79	33	106
79	3	108
79	4	108
79	33	108
79	2	111
79	4	111
79	33	111
79	33	117
79	3	118
79	4	118
79	33	118
79	3	128
79	4	128
79	33	128
79	33	130
79	34	131
79	3	135
79	4	135
79	33	135
80	5	1
80	23	1
80	31	1
80	32	5
80	5	8
80	23	8
80	31	8
80	32	11
80	21	15
80	23	15
80	31	15
80	32	16
80	28	17
80	32	18
80	32	23
80	32	25
80	21	29
80	23	29
80	31	29
80	32	29
80	5	30
80	21	30
80	23	30
80	31	30
80	32	31
80	32	32
80	32	33
80	21	35
80	27	37
80	5	38
80	23	38
80	31	38
80	44	40
80	5	41
80	21	41
80	23	41
80	31	41
80	32	44
80	32	45
80	27	47
80	32	49
80	5	51
80	21	51
80	23	51
80	31	51
80	9	53
80	27	53
80	32	55
80	21	60
80	23	60
80	31	60
80	32	60
80	32	65
80	32	68
80	32	72
80	32	73
80	5	75
80	23	75
80	31	75
80	32	76
80	44	79
80	9	80
80	11	80
80	32	82
80	21	87
80	23	87
80	31	87
80	32	87
80	5	88
80	21	88
80	23	88
80	31	88
80	21	90
80	23	90
80	31	90
80	32	90
80	5	93
80	21	93
80	23	93
80	31	93
80	32	94
80	32	95
80	28	97
80	21	99
80	23	99
80	31	99
80	32	99
80	32	100
80	21	102
80	21	103
80	23	103
80	31	103
80	32	103
80	32	105
80	5	106
80	21	106
80	23	106
80	31	106
80	32	108
80	21	111
80	23	111
80	31	111
80	32	111
80	32	118
80	9	125
80	32	128
80	32	129
80	32	135
81	28	17
81	27	37
81	27	47
81	28	97
82	8	1
82	8	8
82	25	11
82	2	15
82	25	16
82	28	17
82	25	18
82	2	29
82	2	30
82	8	30
82	25	31
82	27	31
82	25	32
82	27	33
82	24	36
82	8	38
82	2	41
82	8	41
82	25	44
82	25	45
82	27	47
82	25	49
82	2	51
82	8	51
82	2	60
82	25	65
82	25	68
82	25	72
82	25	73
82	8	75
82	25	76
82	25	82
82	2	87
82	2	88
82	8	88
82	2	90
82	2	92
82	2	93
82	8	93
82	25	94
82	28	97
82	2	99
82	27	100
82	2	103
82	2	106
82	8	106
82	25	108
82	27	110
82	2	111
82	25	118
82	25	128
82	27	129
82	25	135
83	27	2
83	28	17
83	34	40
83	27	50
83	34	79
83	28	97
83	34	131
84	27	10
84	25	12
84	22	14
84	28	17
84	27	47
84	25	69
84	22	74
84	25	84
84	28	97
84	25	101
84	27	101
84	27	110
84	22	126
84	27	133
85	8	1
85	8	8
85	28	17
85	8	30
85	8	38
85	8	41
85	27	47
85	8	51
85	8	75
85	8	88
85	8	93
85	28	97
85	8	106
85	27	110
86	8	1
86	47	1
86	8	8
86	47	8
86	28	17
86	8	30
86	40	30
86	47	30
86	8	38
86	47	38
86	8	41
86	40	41
86	47	41
86	27	47
86	8	51
86	40	51
86	47	51
86	8	75
86	40	75
86	47	75
86	27	85
86	8	88
86	40	88
86	47	88
86	8	93
86	40	93
86	47	93
86	28	97
86	8	106
86	40	106
86	47	106
86	27	110
86	47	125
87	44	1
87	42	3
87	2	4
87	2	7
87	41	7
87	44	8
87	2	10
87	41	10
87	2	12
87	41	12
87	2	13
87	2	14
87	44	14
87	2	15
87	27	15
87	41	15
87	44	15
87	42	16
87	28	17
87	2	19
87	41	19
87	42	23
87	2	29
87	9	29
87	39	29
87	41	29
87	44	29
87	2	30
87	41	30
87	44	30
87	2	35
87	44	38
87	2	41
87	41	41
87	44	41
87	44	48
87	42	49
87	27	50
87	2	51
87	41	51
87	44	51
87	42	52
87	2	54
87	41	54
87	2	58
87	2	60
87	9	60
87	39	60
87	41	60
87	44	60
87	42	68
87	2	69
87	41	69
87	44	70
87	42	72
87	2	74
87	44	74
87	44	75
87	2	78
87	41	78
87	2	84
87	41	84
87	2	87
87	9	87
87	16	87
87	39	87
87	41	87
87	44	87
87	2	88
87	41	88
87	44	88
87	2	90
87	9	90
87	39	90
87	41	90
87	44	90
87	2	92
87	27	92
87	41	92
87	44	92
87	2	93
87	41	93
87	44	93
87	42	94
87	28	97
87	2	99
87	9	99
87	39	99
87	41	99
87	44	99
87	2	101
87	41	101
87	2	102
87	2	103
87	16	103
87	27	103
87	39	103
87	41	103
87	44	103
87	2	106
87	41	106
87	44	106
87	27	109
87	44	109
87	2	111
87	9	111
87	27	111
87	39	111
87	41	111
87	44	111
87	2	112
87	42	118
87	2	120
87	41	120
87	2	123
87	2	126
87	44	126
87	35	130
87	2	133
87	41	133
87	2	134
87	42	135
88	9	1
88	10	1
88	44	1
88	35	3
88	2	4
88	2	7
88	41	7
88	9	8
88	10	8
88	44	8
88	2	10
88	41	10
88	2	12
88	41	12
88	2	13
88	2	14
88	44	14
88	2	15
88	27	15
88	41	15
88	44	15
88	42	16
88	28	17
88	2	19
88	41	19
88	42	23
88	2	29
88	31	29
88	41	29
88	44	29
88	2	30
88	5	30
88	9	30
88	10	30
88	16	30
88	31	30
88	39	30
88	41	30
88	44	30
88	5	35
88	9	38
88	10	38
88	44	38
88	44	40
88	2	41
88	10	41
88	16	41
88	27	41
88	31	41
88	35	41
88	39	41
88	41	41
88	44	41
88	44	48
88	42	49
88	27	50
88	2	51
88	5	51
88	9	51
88	10	51
88	16	51
88	31	51
88	39	51
88	41	51
88	44	51
88	35	52
88	2	54
88	41	54
88	2	58
88	2	60
88	31	60
88	41	60
88	44	60
88	35	63
88	44	66
88	42	68
88	2	69
88	41	69
88	44	70
88	42	72
88	2	74
88	44	74
88	9	75
88	10	75
88	31	75
88	35	75
88	44	75
88	2	78
88	41	78
88	44	79
88	2	84
88	41	84
88	2	87
88	31	87
88	41	87
88	44	87
88	2	88
88	5	88
88	9	88
88	10	88
88	16	88
88	31	88
88	35	88
88	39	88
88	41	88
88	44	88
88	2	90
88	31	90
88	41	90
88	44	90
88	2	92
88	27	92
88	41	92
88	44	92
88	2	93
88	5	93
88	9	93
88	10	93
88	16	93
88	31	93
88	35	93
88	39	93
88	41	93
88	44	93
88	42	94
88	28	97
88	2	99
88	31	99
88	41	99
88	44	99
88	2	101
88	41	101
88	5	102
88	2	103
88	31	103
88	41	103
88	44	103
88	2	106
88	5	106
88	9	106
88	10	106
88	16	106
88	27	106
88	31	106
88	39	106
88	41	106
88	44	106
88	35	107
88	27	109
88	44	109
88	2	111
88	31	111
88	41	111
88	44	111
88	2	112
88	35	113
88	35	115
88	42	118
88	2	120
88	41	120
88	2	123
88	2	126
88	44	126
88	44	131
88	42	132
88	2	133
88	41	133
88	2	134
88	42	135
89	5	1
89	27	2
89	33	5
89	5	8
89	33	11
89	33	15
89	33	16
89	28	17
89	34	17
89	33	18
89	33	23
89	33	25
89	33	29
89	5	30
89	33	30
89	33	31
89	33	32
89	33	33
89	33	35
89	5	38
89	34	40
89	5	41
89	33	41
89	33	44
89	33	45
89	33	49
89	27	50
89	5	51
89	33	51
89	33	60
89	33	65
89	33	68
89	33	72
89	33	73
89	5	75
89	33	76
89	33	82
89	2	87
89	33	87
89	5	88
89	33	88
89	33	90
89	33	92
89	5	93
89	33	93
89	33	94
89	33	95
89	28	97
89	34	97
89	27	98
89	33	99
89	33	100
89	33	102
89	33	103
89	33	105
89	5	106
89	33	106
89	33	108
89	33	111
89	33	117
89	33	118
89	27	121
89	49	122
89	33	128
89	33	130
89	34	131
89	33	135
90	44	1
90	2	4
90	41	4
90	2	7
90	41	7
90	44	8
90	2	10
90	41	10
90	2	12
90	41	12
90	2	13
90	41	13
90	2	15
90	27	15
90	41	15
90	44	15
90	42	16
90	28	17
90	2	19
90	41	19
90	42	23
90	2	29
90	39	29
90	41	29
90	44	29
90	2	30
90	41	30
90	44	30
90	2	35
90	44	38
90	2	41
90	41	41
90	44	41
90	44	48
90	42	49
90	27	50
90	2	51
90	41	51
90	44	51
90	2	54
90	41	54
90	2	58
90	41	58
90	2	60
90	9	60
90	39	60
90	41	60
90	44	60
90	42	68
90	2	69
90	41	69
90	44	70
90	42	72
90	44	75
90	2	78
90	41	78
90	2	84
90	41	84
90	2	87
90	39	87
90	41	87
90	44	87
90	2	88
90	41	88
90	44	88
90	2	90
90	9	90
90	39	90
90	41	90
90	44	90
90	2	92
90	27	92
90	41	92
90	44	92
90	2	93
90	41	93
90	44	93
90	42	94
90	28	97
90	2	99
90	39	99
90	41	99
90	44	99
90	2	101
90	41	101
90	2	102
90	2	103
90	39	103
90	41	103
90	44	103
90	2	106
90	41	106
90	44	106
90	27	109
90	44	109
90	2	111
90	9	111
90	27	111
90	39	111
90	41	111
90	44	111
90	2	112
90	41	112
90	42	118
90	2	120
90	41	120
90	2	123
90	41	123
90	35	130
90	2	133
90	41	133
90	2	134
90	41	134
90	42	135
91	28	17
91	27	37
91	27	47
91	27	71
91	44	87
91	28	97
91	27	127
92	44	1
92	44	8
92	2	15
92	41	15
92	44	15
92	28	17
92	2	29
92	41	29
92	44	29
92	2	30
92	41	30
92	44	30
92	44	38
92	2	41
92	41	41
92	44	41
92	44	48
92	27	50
92	2	51
92	41	51
92	44	51
92	2	60
92	41	60
92	44	60
92	44	70
92	44	75
92	2	87
92	41	87
92	44	87
92	2	88
92	41	88
92	44	88
92	2	90
92	41	90
92	44	90
92	2	92
92	41	92
92	44	92
92	2	93
92	41	93
92	44	93
92	28	97
92	2	99
92	41	99
92	44	99
92	2	103
92	41	103
92	44	103
92	2	106
92	41	106
92	44	106
92	27	109
92	44	109
92	2	111
92	41	111
92	44	111
93	9	1
93	10	1
93	44	1
93	35	3
93	2	4
93	41	4
93	2	7
93	41	7
93	9	8
93	10	8
93	44	8
93	2	10
93	41	10
93	2	12
93	41	12
93	2	13
93	41	13
93	44	14
93	2	15
93	27	15
93	41	15
93	44	15
93	42	16
93	28	17
93	2	19
93	41	19
93	42	23
93	2	29
93	31	29
93	41	29
93	44	29
93	2	30
93	5	30
93	9	30
93	10	30
93	16	30
93	31	30
93	39	30
93	41	30
93	44	30
93	5	35
93	9	38
93	10	38
93	44	38
93	44	40
93	2	41
93	10	41
93	16	41
93	27	41
93	31	41
93	35	41
93	39	41
93	41	41
93	44	41
93	44	48
93	42	49
93	27	50
93	2	51
93	5	51
93	9	51
93	10	51
93	16	51
93	31	51
93	39	51
93	41	51
93	44	51
93	35	52
93	2	54
93	41	54
93	2	58
93	41	58
93	2	60
93	31	60
93	41	60
93	44	60
93	35	63
93	44	66
93	42	68
93	2	69
93	41	69
93	44	70
93	42	72
93	44	74
93	9	75
93	10	75
93	31	75
93	35	75
93	44	75
93	2	78
93	41	78
93	44	79
93	2	84
93	41	84
93	2	87
93	31	87
93	41	87
93	44	87
93	2	88
93	10	88
93	16	88
93	31	88
93	35	88
93	39	88
93	41	88
93	44	88
93	2	90
93	31	90
93	41	90
93	44	90
93	2	92
93	27	92
93	41	92
93	44	92
93	2	93
93	5	93
93	9	93
93	10	93
93	16	93
93	31	93
93	35	93
93	39	93
93	41	93
93	44	93
93	42	94
93	28	97
93	2	99
93	31	99
93	41	99
93	44	99
93	2	101
93	41	101
93	5	102
93	2	103
93	31	103
93	41	103
93	44	103
93	2	106
93	5	106
93	9	106
93	10	106
93	16	106
93	27	106
93	31	106
93	39	106
93	41	106
93	44	106
93	35	107
93	27	109
93	44	109
93	2	111
93	31	111
93	41	111
93	44	111
93	2	112
93	41	112
93	35	113
93	35	115
93	42	118
93	2	120
93	41	120
93	2	123
93	41	123
93	44	126
93	44	131
93	42	132
93	2	133
93	41	133
93	2	134
93	41	134
93	42	135
94	8	1
94	10	1
94	8	8
94	10	8
94	2	15
94	10	15
94	27	16
94	28	17
94	20	21
94	20	27
94	20	28
94	2	29
94	10	29
94	20	29
94	2	30
94	8	30
94	10	30
94	25	31
94	27	31
94	27	32
94	24	36
94	8	38
94	10	38
94	2	41
94	8	41
94	10	41
94	20	46
94	27	47
94	25	49
94	2	51
94	8	51
94	10	51
94	20	56
94	20	59
94	2	60
94	10	60
94	20	60
94	25	65
94	25	68
94	25	72
94	25	73
94	8	75
94	10	75
94	2	87
94	10	87
94	20	87
94	2	88
94	8	88
94	10	88
94	2	90
94	10	90
94	20	90
94	2	92
94	2	93
94	8	93
94	10	93
94	25	94
94	28	97
94	2	99
94	10	99
94	20	99
94	2	103
94	10	103
94	20	103
94	2	106
94	8	106
94	10	106
94	27	110
94	2	111
94	10	111
94	20	111
94	25	118
94	27	129
94	20	132
94	5	134
94	25	135
95	8	1
95	25	5
95	8	8
95	25	11
95	2	15
95	25	16
95	28	17
95	25	18
95	25	25
95	2	29
95	2	30
95	8	30
95	25	31
95	27	31
95	25	32
95	27	33
95	24	36
95	8	38
95	2	41
95	8	41
95	25	44
95	25	45
95	27	47
95	25	49
95	2	51
95	8	51
95	2	60
95	25	65
95	25	68
95	25	72
95	25	73
95	8	75
95	25	76
95	25	82
95	2	87
95	2	88
95	8	88
95	2	90
95	2	92
95	2	93
95	8	93
95	25	94
95	25	95
95	28	97
95	2	99
95	27	100
95	2	103
95	25	105
95	2	106
95	8	106
95	25	108
95	27	110
95	2	111
95	25	118
95	25	128
95	27	129
95	25	135
96	28	17
96	27	37
96	27	47
96	43	59
96	27	71
96	44	87
96	27	91
96	43	95
96	36	96
96	28	97
96	27	127
97	28	17
97	27	37
97	27	47
97	11	97
97	28	97
98	5	1
98	27	2
98	5	8
98	28	17
98	34	17
98	5	30
98	5	38
98	5	41
98	27	50
98	5	51
98	5	75
98	5	88
98	5	93
98	28	97
98	34	97
98	5	106
99	44	1
99	2	4
99	41	4
99	2	7
99	41	7
99	44	8
99	2	10
99	41	10
99	2	12
99	41	12
99	2	13
99	41	13
99	2	15
99	27	15
99	41	15
99	44	15
99	42	16
99	28	17
99	2	19
99	41	19
99	42	23
99	2	29
99	9	29
99	39	29
99	41	29
99	44	29
99	2	30
99	41	30
99	44	30
99	2	35
99	44	38
99	2	41
99	41	41
99	44	41
99	44	48
99	42	49
99	27	50
99	2	51
99	41	51
99	44	51
99	2	54
99	41	54
99	2	58
99	41	58
99	2	60
99	9	60
99	39	60
99	41	60
99	44	60
99	42	68
99	2	69
99	41	69
99	44	70
99	42	72
99	44	75
99	2	78
99	41	78
99	2	84
99	41	84
99	2	87
99	35	87
99	39	87
99	41	87
99	44	87
99	2	88
99	41	88
99	44	88
99	2	90
99	9	90
99	39	90
99	41	90
99	44	90
99	2	92
99	27	92
99	41	92
99	44	92
99	2	93
99	41	93
99	44	93
99	42	94
99	28	97
99	2	99
99	9	99
99	16	99
99	39	99
99	41	99
99	44	99
99	2	101
99	41	101
99	2	102
99	2	103
99	35	103
99	39	103
99	41	103
99	44	103
99	2	106
99	41	106
99	44	106
99	27	109
99	44	109
99	2	111
99	9	111
99	27	111
99	39	111
99	41	111
99	44	111
99	2	112
99	41	112
99	42	118
99	2	120
99	41	120
99	2	123
99	41	123
99	11	130
99	35	130
99	2	133
99	41	133
99	2	134
99	41	134
99	42	135
100	8	1
100	25	5
100	8	8
100	25	11
100	2	15
100	25	16
100	28	17
100	25	18
100	25	25
100	2	29
100	2	30
100	8	30
100	25	31
100	27	31
100	25	32
100	27	33
100	24	36
100	8	38
100	2	41
100	8	41
100	25	44
100	25	45
100	27	47
100	25	49
100	2	51
100	8	51
100	2	60
100	25	65
100	25	68
100	25	72
100	25	73
100	8	75
100	25	76
100	25	82
100	2	87
100	2	88
100	8	88
100	2	90
100	2	92
100	2	93
100	8	93
100	25	94
100	25	95
100	28	97
100	2	99
100	25	100
100	2	103
100	25	105
100	2	106
100	8	106
100	25	108
100	27	110
100	2	111
100	25	118
100	25	128
100	27	129
100	25	135
101	28	17
101	27	47
101	28	97
101	25	101
101	27	110
102	43	4
102	43	7
102	43	10
102	43	12
102	43	13
102	44	15
102	28	17
102	43	19
102	31	29
102	32	29
102	44	29
102	44	30
102	16	35
102	27	37
102	44	41
102	27	47
102	44	48
102	44	51
102	43	54
102	43	58
102	31	60
102	32	60
102	44	60
102	43	69
102	44	70
102	44	75
102	43	78
102	43	84
102	31	87
102	32	87
102	44	87
102	44	88
102	31	90
102	32	90
102	44	90
102	44	92
102	44	93
102	28	97
102	31	99
102	32	99
102	44	99
102	43	101
102	5	102
102	16	102
102	31	103
102	32	103
102	44	103
102	44	106
102	44	109
102	31	111
102	32	111
102	44	111
102	43	112
102	43	120
102	43	123
102	43	133
102	43	134
103	44	1
103	42	3
103	2	4
103	41	4
103	2	7
103	41	7
103	44	8
103	2	10
103	41	10
103	2	12
103	41	12
103	2	13
103	41	13
103	2	15
103	27	15
103	41	15
103	44	15
103	42	16
103	28	17
103	2	19
103	41	19
103	42	23
103	2	29
103	9	29
103	39	29
103	41	29
103	44	29
103	2	30
103	41	30
103	44	30
103	2	35
103	44	38
103	2	41
103	41	41
103	44	41
103	44	48
103	42	49
103	27	50
103	2	51
103	41	51
103	44	51
103	42	52
103	2	54
103	41	54
103	2	58
103	41	58
103	2	60
103	9	60
103	39	60
103	41	60
103	44	60
103	42	68
103	2	69
103	41	69
103	44	70
103	42	72
103	44	75
103	2	78
103	41	78
103	2	84
103	41	84
103	2	87
103	9	87
103	16	87
103	39	87
103	41	87
103	44	87
103	2	88
103	41	88
103	44	88
103	2	90
103	9	90
103	39	90
103	41	90
103	44	90
103	2	92
103	27	92
103	41	92
103	44	92
103	2	93
103	41	93
103	44	93
103	42	94
103	28	97
103	2	99
103	9	99
103	39	99
103	41	99
103	44	99
103	2	101
103	41	101
103	2	102
103	2	103
103	9	103
103	16	103
103	39	103
103	41	103
103	44	103
103	2	106
103	41	106
103	44	106
103	27	109
103	44	109
103	2	111
103	9	111
103	27	111
103	39	111
103	41	111
103	44	111
103	2	112
103	41	112
103	42	118
103	2	120
103	41	120
103	2	123
103	41	123
103	11	130
103	35	130
103	2	133
103	41	133
103	2	134
103	41	134
103	42	135
104	28	17
104	42	34
104	27	37
104	7	40
104	29	40
104	7	43
104	29	43
104	27	47
104	7	62
104	29	62
104	7	66
104	29	66
104	42	77
104	7	79
104	29	79
104	7	89
104	29	89
104	28	97
104	7	98
104	29	98
104	42	119
104	7	121
104	29	121
104	7	131
104	29	131
105	8	1
105	25	5
105	8	8
105	25	11
105	2	15
105	25	16
105	28	17
105	25	18
105	25	25
105	2	29
105	2	30
105	8	30
105	25	31
105	27	31
105	25	32
105	27	33
105	24	36
105	8	38
105	2	41
105	8	41
105	25	44
105	25	45
105	27	47
105	25	49
105	2	51
105	8	51
105	2	60
105	25	65
105	25	68
105	25	72
105	25	73
105	8	75
105	25	76
105	25	82
105	2	87
105	2	88
105	8	88
105	2	90
105	2	92
105	2	93
105	8	93
105	25	94
105	28	97
105	2	99
105	27	100
105	2	103
105	25	105
105	2	106
105	8	106
105	25	108
105	27	110
105	2	111
105	25	118
105	25	128
105	27	129
105	25	135
106	9	1
106	10	1
106	44	1
106	35	3
106	2	4
106	41	4
106	2	7
106	41	7
106	9	8
106	10	8
106	44	8
106	2	10
106	41	10
106	2	12
106	41	12
106	2	13
106	41	13
106	44	14
106	2	15
106	27	15
106	41	15
106	44	15
106	42	16
106	28	17
106	2	19
106	41	19
106	42	23
106	2	29
106	31	29
106	41	29
106	44	29
106	2	30
106	10	30
106	16	30
106	31	30
106	39	30
106	41	30
106	44	30
106	5	35
106	9	38
106	10	38
106	44	38
106	44	40
106	2	41
106	10	41
106	16	41
106	31	41
106	35	41
106	39	41
106	41	41
106	44	41
106	44	48
106	42	49
106	27	50
106	2	51
106	10	51
106	16	51
106	31	51
106	39	51
106	41	51
106	44	51
106	35	52
106	2	54
106	41	54
106	2	58
106	41	58
106	2	60
106	31	60
106	41	60
106	44	60
106	35	63
106	44	66
106	42	68
106	2	69
106	41	69
106	44	70
106	42	72
106	44	74
106	9	75
106	10	75
106	31	75
106	35	75
106	44	75
106	2	78
106	41	78
106	44	79
106	2	84
106	41	84
106	2	87
106	31	87
106	41	87
106	44	87
106	2	88
106	10	88
106	16	88
106	31	88
106	35	88
106	39	88
106	41	88
106	44	88
106	2	90
106	31	90
106	41	90
106	44	90
106	2	92
106	27	92
106	41	92
106	44	92
106	2	93
106	10	93
106	16	93
106	31	93
106	35	93
106	39	93
106	41	93
106	44	93
106	42	94
106	28	97
106	2	99
106	31	99
106	41	99
106	44	99
106	2	101
106	41	101
106	5	102
106	2	103
106	31	103
106	41	103
106	44	103
106	2	106
106	5	106
106	9	106
106	10	106
106	16	106
106	31	106
106	39	106
106	41	106
106	44	106
106	35	107
106	27	109
106	44	109
106	2	111
106	31	111
106	41	111
106	44	111
106	2	112
106	41	112
106	35	113
106	35	115
106	42	118
106	2	120
106	41	120
106	2	123
106	41	123
106	44	126
106	44	131
106	2	133
106	41	133
106	2	134
106	41	134
106	42	135
107	37	2
107	22	14
107	37	14
107	28	17
107	42	34
107	49	34
107	42	36
107	49	36
107	27	37
107	37	39
107	37	40
107	42	42
107	49	42
107	37	43
107	27	47
107	37	62
107	25	63
107	27	63
107	37	66
107	22	74
107	37	74
107	42	77
107	49	77
107	37	79
107	37	83
107	42	85
107	49	85
107	42	86
107	49	86
107	37	89
107	28	97
107	37	98
107	25	107
107	42	119
107	49	119
107	37	121
107	42	122
107	49	122
107	22	126
107	37	126
107	37	131
108	8	1
108	10	1
108	47	1
108	8	8
108	10	8
108	47	8
108	25	11
108	2	15
108	10	15
108	25	16
108	28	17
108	25	18
108	20	21
108	20	27
108	20	28
108	2	29
108	10	29
108	20	29
108	2	30
108	8	30
108	10	30
108	19	30
108	40	30
108	47	30
108	25	31
108	27	31
108	27	32
108	24	36
108	8	38
108	10	38
108	47	38
108	2	41
108	8	41
108	10	41
108	19	41
108	40	41
108	47	41
108	20	46
108	27	47
108	25	49
108	2	51
108	8	51
108	10	51
108	19	51
108	40	51
108	47	51
108	20	56
108	20	59
108	2	60
108	10	60
108	20	60
108	25	65
108	25	68
108	25	72
108	25	73
108	8	75
108	10	75
108	47	75
108	2	87
108	10	87
108	20	87
108	2	88
108	8	88
108	10	88
108	19	88
108	40	88
108	47	88
108	2	90
108	10	90
108	20	90
108	2	92
108	2	93
108	8	93
108	10	93
108	19	93
108	40	93
108	47	93
108	25	94
108	28	97
108	2	99
108	10	99
108	20	99
108	2	103
108	10	103
108	20	103
108	2	106
108	8	106
108	10	106
108	19	106
108	40	106
108	47	106
108	25	108
108	27	110
108	2	111
108	10	111
108	20	111
108	25	118
108	47	125
108	27	129
108	20	132
108	25	135
109	44	1
109	44	8
109	44	15
109	28	17
109	44	29
109	44	30
109	44	38
109	44	41
109	44	48
109	27	50
109	44	51
109	44	60
109	44	70
109	44	75
109	44	87
109	44	88
109	44	90
109	44	92
109	44	93
109	28	97
109	44	99
109	44	103
109	44	106
109	44	109
109	44	111
110	28	17
110	27	47
110	28	97
111	44	1
111	2	4
111	41	4
111	2	7
111	41	7
111	44	8
111	2	10
111	41	10
111	2	12
111	41	12
111	2	13
111	41	13
111	2	15
111	27	15
111	41	15
111	44	15
111	42	16
111	28	17
111	2	19
111	41	19
111	42	23
111	2	29
111	39	29
111	41	29
111	44	29
111	2	30
111	41	30
111	44	30
111	2	35
111	44	38
111	2	41
111	41	41
111	44	41
111	44	48
111	42	49
111	27	50
111	2	51
111	41	51
111	44	51
111	2	54
111	41	54
111	2	58
111	41	58
111	2	60
111	39	60
111	41	60
111	44	60
111	42	68
111	2	69
111	41	69
111	44	70
111	42	72
111	44	75
111	2	78
111	41	78
111	2	84
111	41	84
111	2	87
111	39	87
111	41	87
111	44	87
111	2	88
111	41	88
111	44	88
111	2	90
111	39	90
111	41	90
111	44	90
111	2	92
111	27	92
111	41	92
111	44	92
111	2	93
111	41	93
111	44	93
111	42	94
111	28	97
111	2	99
111	39	99
111	41	99
111	44	99
111	2	101
111	41	101
111	2	102
111	2	103
111	39	103
111	41	103
111	44	103
111	2	106
111	41	106
111	44	106
111	27	109
111	44	109
111	2	111
111	9	111
111	39	111
111	41	111
111	44	111
111	2	112
111	41	112
111	42	118
111	2	120
111	41	120
111	2	123
111	41	123
111	35	130
111	2	133
111	41	133
111	2	134
111	41	134
111	42	135
112	25	4
112	25	7
112	25	10
112	25	12
112	25	13
112	29	16
112	28	17
112	25	19
112	27	47
112	29	49
112	25	54
112	25	58
112	29	68
112	25	69
112	29	72
112	25	78
112	25	84
112	29	94
112	28	97
112	25	101
112	27	101
112	27	110
112	25	112
112	29	118
112	25	120
112	25	123
112	25	133
112	25	134
112	29	135
113	5	1
113	37	2
113	25	3
113	5	8
113	22	14
113	37	14
113	28	17
113	5	30
113	42	34
113	49	34
113	42	36
113	49	36
113	27	37
113	5	38
113	37	39
113	37	40
113	5	41
113	42	42
113	49	42
113	37	43
113	27	47
113	5	51
113	25	52
113	37	62
113	25	63
113	27	63
113	37	66
113	22	74
113	37	74
113	5	75
113	42	77
113	49	77
113	37	79
113	37	83
113	42	85
113	49	85
113	42	86
113	49	86
113	5	88
113	37	89
113	5	93
113	28	97
113	37	98
113	5	106
113	25	107
113	25	113
113	42	119
113	49	119
113	37	121
113	42	122
113	49	122
113	22	126
113	37	126
113	37	131
114	28	17
114	42	34
114	27	37
114	7	40
114	29	40
114	7	43
114	29	43
114	27	47
114	7	62
114	29	62
114	7	66
114	29	66
114	42	77
114	7	79
114	29	79
114	7	89
114	29	89
114	28	97
114	7	98
114	29	98
114	27	104
114	42	119
114	7	121
114	29	121
114	7	131
114	29	131
115	37	2
115	25	3
115	22	14
115	37	14
115	28	17
115	38	17
115	19	30
115	42	34
115	49	34
115	42	36
115	49	36
115	27	37
115	37	39
115	37	40
115	19	41
115	42	42
115	49	42
115	37	43
115	27	47
115	19	51
115	25	52
115	37	62
115	25	63
115	27	63
115	37	66
115	30	67
115	22	74
115	37	74
115	42	77
115	49	77
115	37	79
115	37	83
115	42	85
115	49	85
115	42	86
115	49	86
115	19	88
115	37	89
115	19	93
115	28	97
115	38	97
115	37	98
115	30	104
115	19	106
115	25	107
115	47	107
115	25	113
115	30	114
115	25	115
115	42	119
115	49	119
115	37	121
115	42	122
115	49	122
115	30	124
115	22	126
115	37	126
115	37	131
116	21	2
116	21	14
116	28	17
116	27	37
116	21	39
116	21	40
116	21	43
116	27	47
116	21	62
116	21	66
116	27	71
116	21	74
116	21	79
116	21	83
116	44	87
116	21	89
116	28	97
116	21	98
116	21	121
116	21	126
116	21	131
117	32	6
117	28	17
117	32	20
117	32	22
117	32	26
117	32	29
117	27	37
117	27	47
117	32	60
117	32	61
117	27	71
117	32	87
117	44	87
117	32	90
117	32	91
117	32	96
117	28	97
117	32	99
117	32	103
117	32	111
117	32	127
117	11	131
118	8	1
118	10	1
118	8	8
118	10	8
118	2	15
118	10	15
118	27	16
118	28	17
118	20	21
118	20	27
118	20	28
118	2	29
118	10	29
118	20	29
118	2	30
118	8	30
118	10	30
118	25	31
118	27	31
118	27	32
118	24	36
118	8	38
118	10	38
118	2	41
118	8	41
118	10	41
118	20	46
118	27	47
118	2	51
118	8	51
118	10	51
118	20	56
118	20	59
118	2	60
118	10	60
118	20	60
118	25	65
118	25	73
118	8	75
118	10	75
118	2	87
118	10	87
118	20	87
118	2	88
118	8	88
118	10	88
118	2	90
118	10	90
118	20	90
118	2	92
118	2	93
118	8	93
118	10	93
118	28	97
118	2	99
118	10	99
118	20	99
118	2	103
118	10	103
118	20	103
118	2	106
118	8	106
118	10	106
118	27	110
118	2	111
118	10	111
118	20	111
118	25	118
118	27	129
118	20	132
118	5	134
119	2	3
119	28	17
119	27	37
119	27	47
119	2	52
119	2	63
119	2	67
119	27	77
119	28	97
119	2	104
119	2	107
119	2	113
119	2	114
119	2	115
119	2	124
120	27	10
120	25	12
120	22	14
120	28	17
120	27	47
120	25	69
120	22	74
120	25	84
120	28	97
120	25	101
120	27	101
120	27	110
120	25	120
120	22	126
120	27	133
121	5	1
121	27	2
121	33	5
121	5	8
121	33	11
121	33	15
121	33	16
121	28	17
121	34	17
121	33	18
121	33	23
121	33	25
121	33	29
121	5	30
121	33	30
121	33	31
121	33	32
121	33	33
121	33	35
121	5	38
121	5	41
121	33	41
121	33	44
121	33	45
121	33	49
121	27	50
121	5	51
121	33	51
121	33	60
121	33	65
121	33	68
121	33	72
121	33	73
121	5	75
121	33	76
121	33	82
121	2	87
121	33	87
121	5	88
121	33	88
121	33	90
121	33	92
121	5	93
121	33	93
121	33	94
121	33	95
121	28	97
121	34	97
121	27	98
121	33	99
121	33	100
121	33	102
121	33	103
121	33	105
121	5	106
121	33	106
121	33	108
121	33	111
121	33	117
121	33	118
121	49	122
121	33	128
121	33	130
121	33	135
122	8	1
122	8	8
122	28	17
122	8	30
122	8	38
122	8	41
122	27	47
122	8	51
122	8	75
122	27	85
122	8	88
122	8	93
122	28	97
122	8	106
122	27	110
123	25	7
123	25	10
123	25	12
123	25	13
123	29	16
123	28	17
123	25	19
123	8	30
123	8	41
123	27	47
123	29	49
123	8	51
123	25	54
123	29	68
123	25	69
123	29	72
123	25	78
123	25	84
123	8	88
123	8	93
123	29	94
123	28	97
123	25	101
123	27	101
123	8	106
123	27	110
123	29	118
123	25	120
123	25	123
123	25	133
123	29	135
124	28	17
124	42	34
124	27	37
124	7	40
124	29	40
124	7	43
124	29	43
124	27	47
124	7	62
124	29	62
124	7	66
124	29	66
124	42	77
124	7	79
124	29	79
124	7	89
124	29	89
124	28	97
124	7	98
124	29	98
124	27	104
124	30	107
124	42	119
124	7	121
124	29	121
124	7	131
124	29	131
125	5	1
125	19	1
125	31	1
125	5	8
125	19	8
125	31	8
125	21	15
125	31	15
125	28	17
125	21	29
125	31	29
125	5	30
125	19	30
125	21	30
125	31	30
125	21	35
125	27	37
125	5	38
125	19	38
125	31	38
125	5	41
125	19	41
125	21	41
125	31	41
125	27	47
125	5	51
125	19	51
125	21	51
125	31	51
125	9	53
125	27	53
125	21	60
125	31	60
125	5	75
125	19	75
125	31	75
125	21	87
125	31	87
125	5	88
125	19	88
125	21	88
125	31	88
125	21	90
125	31	90
125	5	93
125	19	93
125	21	93
125	31	93
125	28	97
125	21	99
125	31	99
125	21	102
125	21	103
125	31	103
125	5	106
125	19	106
125	21	106
125	31	106
125	21	111
125	31	111
125	9	125
125	16	125
126	27	2
126	5	3
126	2	14
126	27	14
126	5	17
126	28	17
126	5	35
126	27	50
126	5	52
126	5	61
126	5	63
126	5	64
126	2	74
126	2	87
126	31	87
126	44	87
126	31	88
126	5	97
126	28	97
126	5	102
126	5	107
126	5	113
126	5	115
126	2	126
126	11	126
127	28	17
127	27	37
127	27	47
127	27	71
127	44	87
127	28	97
128	8	1
128	8	8
128	25	11
128	2	15
128	25	16
128	28	17
128	25	18
128	2	29
128	2	30
128	8	30
128	25	31
128	27	31
128	25	32
128	27	33
128	24	36
128	8	38
128	2	41
128	8	41
128	25	44
128	25	45
128	27	47
128	25	49
128	2	51
128	8	51
128	2	60
128	25	65
128	25	68
128	25	72
128	25	73
128	8	75
128	25	76
128	27	82
128	2	87
128	2	88
128	8	88
128	2	90
128	2	92
128	2	93
128	8	93
128	25	94
128	28	97
128	2	99
128	27	100
128	2	103
128	2	106
128	8	106
128	25	108
128	27	110
128	2	111
128	25	118
128	25	128
128	27	129
128	25	135
129	8	1
129	8	8
129	28	17
129	8	30
129	24	36
129	8	38
129	8	41
129	27	47
129	8	51
129	8	75
129	8	88
129	8	93
129	28	97
129	8	106
129	27	110
130	28	17
130	11	29
130	27	37
130	27	47
130	27	71
130	44	87
130	28	97
130	11	99
130	11	103
130	11	130
131	5	1
131	47	1
131	27	2
131	5	8
131	47	8
131	49	11
131	2	15
131	10	15
131	28	17
131	34	17
131	2	29
131	10	29
131	2	30
131	5	30
131	10	30
131	40	30
131	47	30
131	49	36
131	5	38
131	47	38
131	2	41
131	5	41
131	10	41
131	40	41
131	47	41
131	49	42
131	27	50
131	2	51
131	5	51
131	10	51
131	40	51
131	47	51
131	49	55
131	2	60
131	10	60
131	27	66
131	5	75
131	47	75
131	49	85
131	49	86
131	2	87
131	10	87
131	2	88
131	5	88
131	10	88
131	40	88
131	47	88
131	2	90
131	10	90
131	2	93
131	5	93
131	10	93
131	40	93
131	47	93
131	28	97
131	34	97
131	27	98
131	2	99
131	10	99
131	2	103
131	10	103
131	2	106
131	5	106
131	10	106
131	40	106
131	47	106
131	2	107
131	49	108
131	2	111
131	10	111
131	49	122
131	47	125
131	34	131
132	29	1
132	36	4
132	42	5
132	36	7
132	29	8
132	27	9
132	36	10
132	36	12
132	29	13
132	36	13
132	29	15
132	42	16
132	28	17
132	36	19
132	18	21
132	36	21
132	1	22
132	29	22
132	45	22
132	15	23
132	42	23
132	45	23
132	11	24
132	42	25
132	45	27
132	45	28
132	29	29
132	29	30
132	29	38
132	29	40
132	29	41
132	42	44
132	27	47
132	42	49
132	29	51
132	36	54
132	27	56
132	29	58
132	36	58
132	29	60
132	42	68
132	36	69
132	42	72
132	29	75
132	36	78
132	42	82
132	36	84
132	29	87
132	29	88
132	29	90
132	29	93
132	42	94
132	42	95
132	28	97
132	29	99
132	42	100
132	36	101
132	29	103
132	42	105
132	29	106
132	27	110
132	29	111
132	36	112
132	42	118
132	36	120
132	29	123
132	36	123
132	42	128
132	29	131
132	1	132
132	14	132
132	18	132
132	36	132
132	45	132
132	36	133
132	29	134
132	36	134
132	42	135
133	25	7
133	27	10
133	25	12
133	22	14
133	28	17
133	25	19
133	27	47
133	25	54
133	25	69
133	22	74
133	25	84
133	28	97
133	25	101
133	27	101
133	27	110
133	25	120
133	22	126
133	25	133
134	25	7
134	25	10
134	25	12
134	25	13
134	29	16
134	28	17
134	25	19
134	8	30
134	8	41
134	27	47
134	29	49
134	8	51
134	25	54
134	29	68
134	25	69
134	29	72
134	25	78
134	25	84
134	8	88
134	8	93
134	29	94
134	28	97
134	25	101
134	27	101
134	8	106
134	27	110
134	29	118
134	25	120
134	25	123
134	25	133
134	25	134
134	29	135
135	8	1
135	10	1
135	8	8
135	10	8
135	2	15
135	10	15
135	27	16
135	28	17
135	20	21
135	20	27
135	20	28
135	2	29
135	10	29
135	20	29
135	2	30
135	8	30
135	10	30
135	25	31
135	27	31
135	27	32
135	24	36
135	8	38
135	10	38
135	2	41
135	8	41
135	10	41
135	20	46
135	27	47
135	2	51
135	8	51
135	10	51
135	20	56
135	20	59
135	2	60
135	10	60
135	20	60
135	25	65
135	25	72
135	25	73
135	8	75
135	10	75
135	2	87
135	10	87
135	20	87
135	2	88
135	8	88
135	10	88
135	2	90
135	10	90
135	20	90
135	2	92
135	2	93
135	8	93
135	10	93
135	28	97
135	2	99
135	10	99
135	20	99
135	2	103
135	10	103
135	20	103
135	2	106
135	8	106
135	10	106
135	27	110
135	2	111
135	10	111
135	20	111
135	25	118
135	27	129
135	20	132
135	5	134
135	25	135
